17 18
16 18
15 18
14 18
14 17
14 18
13 18
12 18
12 17
12 18
13 18
14 18
15 18
16 18
17 18
18 18
18 17
18 16
18 15
17 15
17 14
18 14
18 13
17 13
17 12
18 12
18 11
18 10
17 10
16 10
15 10
14 10
13 10
12 10
11 10
10 10
9 10
8 10
7 10
7 11
8 11
8 12
7 12
7 13
8 13
8 14
7 14
7 15
8 15
8 16
8 17
8 18
9 18
10 18
10 17
10 16
10 15
11 15
10 15
11 15
12 15
13 15
14 15
15 15
15 14
14 14
14 13
15 13
15 12
14 12
14 11
14 10
13 10
12 10
11 10
10 10
10 11
10 12
10 13
11 13
11 14
10 14
11 14
11 15
10 15
10 16
10 17
10 18
9 18
8 18
8 17
8 16
8 15
7 15
7 14
8 14
8 13
7 13
7 12
8 12
8 11
7 11
7 10
8 10
9 10
10 10
10 11
10 12
10 13
11 13
12 13
11 13
10 13
10 14
11 14
11 15
10 15
10 16
10 17
10 18
9 18
8 18
8 17
8 16
8 15
7 15
7 14
8 14
8 13
7 13
7 12
8 12
8 11
7 11
7 10
8 10
9 10
10 10
11 10
12 10
13 10
14 10
15 10
16 10
17 10
18 10
18 9
17 9
16 9
16 8
17 8
18 8
18 7
17 7
16 7
16 6
15 6
14 6
13 6
13 7
14 7
14 8
13 8
12 8
11 8
10 8
10 7
9 7
8 7
8 8
7 8
6 8
7 8
6 8
6 9
5 9
4 9
3 9
2 9
2 8
2 7
1 7
1 6
1 5
2 5
3 5
4 5
5 5
5 4
5 3
5 2
5 1
6 1
7 1
7 2
7 3
7 4
7 5
8 5
8 6
9 6
10 6
11 6
11 7
10 7
10 8
11 8
12 8
13 8
14 8
14 7
13 7
13 6
14 6
15 6
16 6
17 6
18 6
18 7
17 7
16 7
16 8
17 8
18 8
18 9
17 9
16 9
16 10
15 10
14 10
13 10
12 10
11 10
10 10
9 10
8 10
7 10
7 9
6 9
5 9
4 9
3 9
2 9
2 8
2 7
3 7
4 7
3 7
2 7
1 7
1 6
1 5
2 5
3 5
4 5
5 5
5 4
5 3
5 2
5 1
6 1
7 1
7 2
7 3
7 4
7 5
8 5
8 6
9 6
10 6
11 6
11 7
10 7
9 7
8 7
8 8
7 8
6 8
6 9
5 9
4 9
4 8
4 9
3 9
3 10
3 11
3 10
3 9
2 9
1 9
1 10
1 11
1 12
1 13
1 14
1 15
2 15
3 15
3 14
3 13
3 14
3 15
2 15
1 15
1 14
1 13
1 12
1 11
1 10
1 9
2 9
3 9
4 9
5 9
5 10
5 11
5 12
5 13
5 14
5 15
4 15
3 15
2 15
1 15
1 14
1 13
1 12
1 11
1 10
1 9
2 9
3 9
4 9
5 9
6 9
7 9
7 10
8 10
9 10
10 10
11 10
12 10
13 10
14 10
14 11
14 12
15 12
15 13
14 13
14 14
15 14
15 15
14 15
13 15
12 15
11 15
10 15
10 16
10 17
10 18
9 18
8 18
7 18
6 18
6 17
6 16
6 17
6 18
7 18
8 18
9 18
10 18
10 17
10 16
10 15
11 15
12 15
13 15
14 15
15 15
15 14
14 14
14 13
15 13
15 12
14 12
14 11
14 10
13 10
12 10
11 10
10 10
9 10
8 10
7 10
7 9
6 9
5 9
4 9
3 9
2 9
1 9
1 10
1 11
1 12
1 13
1 14
1 15
1 16
1 17
2 17
3 17
4 17
3 17
4 17
4 18
4 17
3 17
2 17
2 18
2 17
1 17
1 16
1 15
2 15
3 15
4 15
5 15
5 14
5 13
5 12
5 11
5 10
5 9
4 9
3 9
2 9
2 8
2 7
1 7
1 6
1 5
2 5
3 5
4 5
5 5
5 4
5 3
5 2
5 1
6 1
7 1
7 2
7 3
7 4
7 5
8 5
8 6
9 6
10 6
10 5
10 6
9 6
8 6
8 7
9 7
10 7
11 7
11 8
12 8
13 8
14 8
14 7
13 7
13 6
14 6
15 6
16 6
17 6
18 6
18 5
18 4
18 3
18 2
18 1
17 1
16 1
15 1
14 1
13 1
12 1
11 1
10 1
9 1
9 2
9 3
9 2
9 1
10 1
11 1
12 1
13 1
14 1
15 1
16 1
17 1
18 1
18 2
18 3
18 4
18 5
18 6
17 6
16 6
16 5
16 4
16 3
15 3
14 3
15 3
16 3
16 4
16 5
16 6
15 6
14 6
13 6
13 7
14 7
14 8
13 8
12 8
11 8
10 8
10 7
9 7
8 7
8 8
7 8
6 8
6 9
5 9
4 9
3 9
2 9
2 8
2 7
1 7
1 6
1 5
2 5
3 5
3 4
3 3
